%YAML:1.0
---
K: !!opencv-matrix
   rows: 3
   cols: 3
   dt: d
   data: [ 2.8840755301878380e+02, 0., 3.2002214184798896e+02, 0.,
       2.8887902482836358e+02, 2.4638721622569102e+02, 0., 0., 1. ]
D: !!opencv-matrix
   rows: 1
   cols: 5
   dt: d
   data: [ -5.9247947769114524e-04, 9.6509090563104121e-03,
       -3.4835018231976458e-04, -3.3747648927835331e-04,
       -9.1245763716586731e-03 ]
